Exposure:1
Gain:50.0
Exp_range:0.1,0.5,1,5,10
Gain_range:1,2,5,25,50
Test mode:0
Camera Type:ASI
d_x:0.0268013948059082
d_y:-0.08338806757609049
altSpeed:2.295
azSpeed:2.6525
default_eyepiece:1300
scope_focal_length:2057
Eyepiece1:8mm Ethos,8,100
Eyepiece2:13mm Ethos,13,100
Eyepiece3:21mm Ethos,21,100
Eyepiece4:31mm Nagler,31,82
