d_x:0.23639907836914062
d_y:0.20307324727376302
Lat:51.3417
Long:-0.712
Exposure:1.0
Exp_range:0.1,0.5,1,5,10
Gain:25.0
Gain_range:1,2,5,25,50
Ramdisk:True
Camera Type ('QHY' or 'ASI'):ASI
pixel scale:15
Drive ('scopedog' or 'servocat'):servocat
Test mode:1
Goto++ mode:0
Buttons ('new' or 'old'):old
scope_focal_length:2032
default_eyepiece:1300
Eyepiece1:8mm Ethos,8,100
Eyepiece2:13mm Ethos,13,100
Eyepiece3:21mm Ethos,21,100
Eyepiece4:31mm Nagler,31,82
frame:30,20
